39.90 116.40
30.28 120.15
30.67 104.07
31.90 102.22
29.57 106.55
36.67 116.98
36.45 115.98
37.52 122.12
37.17 122.42
36.20 117.08
35.58 116.98
39.12 117.20 
42.53 117.24
40.4 115.52
40.32 116.62
40.47 115.97
39.72 115.98
40.37 116.85
40.13 117.10
30.83 120.92
37.39 122.70
20.02 110.35
19.61 110.72
19.25 110.46
18.80 110.39
18.48 110.02
18.14 109.31
35.42 139.46
35.35 138.72
35.68 139.69
35.62 139.77
35.65 139.70
36.710 119.117
37.224 119.217
39.95 119.57
39.81 119.48
40.00 119.77
39.92 116.65
37.87 112.55
30.18 118.14
30.00 117.99
34.27 108.93 
35.58 116.98 
31.23 121.47
32.07 118.78 
31.30 120.58 
23.117 113.27
22.61 114.06
36.07 120.38 
34.27 117.18 
22.13 113.33
22.27 113.57
40.82 114.88
40.50 115.28
40.82 114.88
40.99 113.13
40.84 111.74
24.88 102.83
25.61 100.27
27.82 99.70
28.47 98.92
28.37 98.81
39.89762 114.98824
41.27011 115.81082
40.54015 115.73938
39.28248 114.79637
39.94999 114.96307
22.28293 114.18152
30.018333 103.051758
30.989022 102.367405
30.030882 101.971211
29.552106 103.765568
29.037007 100.298403
28.560170 100.348180
30.979545 101.125237
29.996049 100.269818
29.998436 101.957146
33.252056 104.243841
29.325601 107.760025
29.418130 107.761490

